5 ceil1 100 0000000000000000000000000000000000000000000000000000000000000000000000000000000000000000000000000000 0
5 ceil1 100 0000000000000000000000000000000000000000000000000000000000000000000000000000000000000000000000000000 0
5 ceil1 100 0000000000000000000000000000000000000000000000000000000000000000000000000000000000000000000000000000 0
5 ceil1 100 0000000000000000000000000000000000000000000000000000000000000000000000000000000000000000000000000000 0
5 ceil1 100 0000000000000000000000000000000000000000000000000000000000000000000000000000000000000000000000000000 0
5 ceil1 100 0000000000000000000000000000000000000000000000000000000000000000000000000000000000000000000000000000 0
5 ceil1 100 0000000000000000000000000000000000000000000000000000000000000000000000000000000000000000000000000000 0
5 ceil1 100 0000000000000000000000000000000000000000000000000000000000000000000000000000000000000000000000000000 0
5 ceil1 100 0000000000000000000000000000000000000000000000000000000000000000000000000000000000000000000000000000 0
5 ceil1 100 0000000000000000000000000000000000000000000000000000000000000000000000000000000000000000000000000000 0
5 ceil1 100 0000000000000000000000000000000000000000000000000000000000000000000000000000000000000000000000000000 0
5 ceil1 100 0000000000000000000000000000000000000000000000000000000000000000000000000000000000000000000000000000 0
